 # ID name  angle[rad]  betax[m]  betay[m] halfgap[m]  Material  Length[m]  sigx[m]  sigy[m] tilt1[rad] tilt2[rad] nsig
        63 TCL.4R1.B1      0.0000000000E+00    0.3811964215E+03    0.1059591300E+04    0.6582777066E-02 CU   0.10000E+01   0.43885E-03   0.73167E-03   0.00000E+00   0.00000E+00   0.15000E+02
        64 TCL.5R1.B1      0.0000000000E+00    0.1149980184E+03    0.6291165558E+03    0.3615596175E-02 CU   0.10000E+01   0.24104E-03   0.56378E-03   0.00000E+00   0.00000E+00   0.15000E+02
        65 TCL.6R1.B1      0.0000000000E+00    0.1455985617E+02    0.2601893341E+03    0.1286510344E-02 W    0.10000E+01   0.85767E-04   0.36257E-03   0.00000E+00   0.00000E+00   0.15000E+02
        57 TCTH.4L2.B1     0.0000000000E+00    0.4671444518E+02    0.4825502170E+02    0.3994316059E-02 W    0.10000E+01   0.15363E-03   0.15614E-03   0.00000E+00   0.00000E+00   0.26000E+02
        61 TCTVA.4L2.B1    0.1571000000E+01    0.4805043080E+02    0.4640519052E+02    0.3981072707E-02 W    0.10000E+01   0.15581E-03   0.15312E-03   0.00000E+00   0.00000E+00   0.26000E+02
        75 TDI.4L2.B1      0.1571000000E+01    0.1086478075E+03    0.4413440950E+02    0.1491755482E+00 CU   0.40000E+01   0.23429E-03   0.14932E-03   0.00000E+00   0.00000E+00   0.99900E+03
        69 TCLIA.4R2       0.1571000000E+01    0.5198736832E+02    0.1280627847E+03    0.2541092266E+00 C    0.10000E+01   0.16207E-03   0.25436E-03   0.00000E+00   0.00000E+00   0.99900E+03
        70 TCLIB.6R2.B1    0.1571000000E+01    0.2572338196E+03    0.3868004268E+02    0.1396537148E+00 C    0.10000E+01   0.36050E-03   0.13979E-03   0.00000E+00   0.00000E+00   0.99900E+03
         1 TCP.6L3.B1      0.0000000000E+00    0.1315206175E+03    0.1446940225E+03    0.3866621483E-02 C    0.60000E+00   0.25777E-03   0.27038E-03   0.00000E+00   0.00000E+00   0.15000E+02
         2 TCSG.5L3.B1     0.0000000000E+00    0.5460460614E+02    0.2986239340E+03    0.2989720748E-02 C    0.10000E+01   0.16610E-03   0.38842E-03   0.00000E+00   0.00000E+00   0.18000E+02
         4 TCSG.4R3.B1     0.0000000000E+00    0.2620971531E+02    0.3951963096E+03    0.2071319710E-02 C    0.10000E+01   0.11507E-03   0.44684E-03   0.00000E+00   0.00000E+00   0.18000E+02
         6 TCSG.A5R3.B1    0.2981020000E+01    0.3586769092E+02    0.3441113321E+03    0.2676032169E-02 C    0.10000E+01   0.13462E-03   0.41696E-03   0.00000E+00   0.00000E+00   0.18000E+02
         8 TCSG.B5R3.B1    0.1989675347E+00    0.4553781755E+02    0.3126775382E+03    0.3026992005E-02 C    0.10000E+01   0.15168E-03   0.39746E-03   0.00000E+00   0.00000E+00   0.18000E+02
        46 TCLA.A5R3.B1    0.1571000000E+01    0.1425293260E+03    0.1760130730E+03    0.5964114018E-02 W    0.10000E+01   0.26835E-03   0.29821E-03   0.00000E+00   0.00000E+00   0.20000E+02
        47 TCLA.B5R3.B1    0.0000000000E+00    0.1516147642E+03    0.1686870420E+03    0.5535339006E-02 W    0.10000E+01   0.27677E-03   0.29193E-03   0.00000E+00   0.00000E+00   0.20000E+02
        48 TCLA.6R3.B1     0.0000000000E+00    0.1294357360E+03    0.1687063954E+03    0.5114469291E-02 W    0.10000E+01   0.25572E-03   0.29195E-03   0.00000E+00   0.00000E+00   0.20000E+02
        49 TCLA.7R3.B1     0.0000000000E+00    0.6738946372E+02    0.8939793081E+02    0.3690366308E-02 W    0.10000E+01   0.18452E-03   0.21252E-03   0.00000E+00   0.00000E+00   0.20000E+02
        58 TCTH.4L5.B1     0.0000000000E+00    0.1065327499E+04    0.4104420318E+03    0.1005091539E-01 W    0.10000E+01   0.73364E-03   0.45538E-03   0.00000E+00   0.00000E+00   0.13700E+02
        59 TCTVA.4L5.B1    0.1571000000E+01    0.1069713375E+04    0.4334065778E+03    0.6410793832E-02 W    0.10000E+01   0.73515E-03   0.46794E-03   0.00000E+00   0.00000E+00   0.13700E+02
        66 TCL.4R5.B1      0.0000000000E+00    0.3811963294E+03    0.1059591302E+04    0.6582776271E-02 CU   0.10000E+01   0.43885E-03   0.73167E-03   0.00000E+00   0.00000E+00   0.15000E+02
        67 TCL.5R5.B1      0.0000000000E+00    0.1152920955E+03    0.6312221975E+03    0.3620216190E-02 CU   0.10000E+01   0.24135E-03   0.56472E-03   0.00000E+00   0.00000E+00   0.15000E+02
        68 TCL.6R5.B1      0.0000000000E+00    0.1301719281E+02    0.2506807595E+03    0.1216447608E-02 W    0.10000E+01   0.81097E-04   0.35588E-03   0.00000E+00   0.00000E+00   0.15000E+02
        71 TCDQA.A4R6.B    0.0000000000E+00    0.4842938691E+03    0.1613857436E+03    0.4501314513E-02 C    0.30000E+01   0.49465E-03   0.28555E-03   0.00000E+00   0.00000E+00   0.91000E+01
        72 TCDQA.B4R6.B    0.0000000000E+00    0.4952540308E+03    0.1654562450E+03    0.4551964670E-02 C    0.30000E+01   0.50022E-03   0.28912E-03   0.00000E+00   0.00000E+00   0.91000E+01
        73 TCDQA.C4R6.B    0.0000000000E+00    0.5063882961E+03    0.1697317064E+03    0.4602848737E-02 C    0.30000E+01   0.50581E-03   0.29284E-03   0.00000E+00   0.00000E+00   0.91000E+01
        74 TCSG.4R6.B1     0.0000000000E+00    0.5188531520E+03    0.1746779263E+03    0.4659154401E-02 C    0.10000E+01   0.51199E-03   0.29707E-03   0.00000E+00   0.00000E+00   0.91000E+01
        10 TCP.D6L7.B1     0.1571000000E+01    0.1588661277E+03    0.7826268007E+02    0.1093663045E-02 C    0.60000E+00   0.28331E-03   0.19885E-03   0.00000E+00   0.00000E+00   0.55000E+01
        11 TCP.C6L7.B1     0.0000000000E+00    0.1505239382E+03    0.8276243325E+02    0.1516732373E-02 C    0.60000E+00   0.27577E-03   0.20448E-03   0.00000E+00   0.00000E+00   0.55000E+01
        12 TCP.B6L7.B1     0.2215000000E+01    0.1424584584E+03    0.8748737152E+02    0.1280661800E-02 C    0.60000E+00   0.26828E-03   0.21024E-03   0.00000E+00   0.00000E+00   0.55000E+01
        16 TCSG.A6L7.B1    0.2462660000E+01    0.3987155446E+02    0.2269212034E+03    0.1916832437E-02 C    0.10000E+01   0.14193E-03   0.33860E-03   0.00000E+00   0.00000E+00   0.80000E+01
        18 TCSG.B5L7.B1    0.2504550000E+01    0.1600139830E+03    0.1665130192E+03    0.2290923989E-02 C    0.10000E+01   0.28433E-03   0.29005E-03   0.00000E+00   0.00000E+00   0.80000E+01
        20 TCSG.A5L7.B1    0.7103500000E+00    0.1859931184E+03    0.1459293063E+03    0.2337335816E-02 C    0.10000E+01   0.30654E-03   0.27153E-03   0.00000E+00   0.00000E+00   0.80000E+01
        22 TCSG.D4L7.B1    0.1570800000E+01    0.3329600332E+03    0.6886047357E+02    0.1492170571E-02 C    0.10000E+01   0.41015E-03   0.18652E-03   0.00000E+00   0.00000E+00   0.80000E+01
        26 TCSG.B4L7.B1    0.0000000000E+00    0.1397578800E+03    0.1309955093E+03    0.2125796169E-02 C    0.10000E+01   0.26572E-03   0.25726E-03   0.00000E+00   0.00000E+00   0.80000E+01
        28 TCSG.A4L7.B1    0.2349210000E+01    0.1286710753E+03    0.1412954170E+03    0.2089850393E-02 C    0.10000E+01   0.25497E-03   0.26718E-03   0.00000E+00   0.00000E+00   0.80000E+01
        30 TCSG.A4R7.B1    0.8080900000E+00    0.1182810606E+03    0.1522203392E+03    0.2097180347E-02 C    0.10000E+01   0.24446E-03   0.27732E-03   0.00000E+00   0.00000E+00   0.80000E+01
        36 TCSG.B5R7.B1    0.2469640000E+01    0.1218533090E+03    0.2675806563E+03    0.2401271282E-02 C    0.10000E+01   0.24812E-03   0.36768E-03   0.00000E+00   0.00000E+00   0.80000E+01
        40 TCSG.D5R7.B1    0.8971000000E+00    0.2138851283E+03    0.1585529583E+03    0.2413113847E-02 C    0.10000E+01   0.32873E-03   0.28303E-03   0.00000E+00   0.00000E+00   0.80000E+01
        42 TCSG.E5R7.B1    0.2277650000E+01    0.2414086194E+03    0.1361173916E+03    0.2416041932E-02 C    0.10000E+01   0.34924E-03   0.26224E-03   0.00000E+00   0.00000E+00   0.80000E+01
        44 TCSG.6R7.B1     0.8730000000E-02    0.3357667417E+03    0.4735650527E+02    0.3294868532E-02 C    0.10000E+01   0.41187E-03   0.15468E-03   0.00000E+00   0.00000E+00   0.80000E+01
        50 TCLA.A6R7.B1    0.1571000000E+01    0.2970758997E+03    0.4815513430E+02    0.2183699438E-02 W    0.10000E+01   0.38742E-03   0.15598E-03   0.00000E+00   0.00000E+00   0.14000E+02
        51 TCLA.B6R7.B1    0.0000000000E+00    0.1595044293E+03    0.7638768600E+02    0.3974274776E-02 W    0.10000E+01   0.28388E-03   0.19645E-03   0.00000E+00   0.00000E+00   0.14000E+02
        52 TCLA.C6R7.B1    0.1571000000E+01    0.6861725071E+02    0.1518870082E+03    0.3878214497E-02 W    0.10000E+01   0.18619E-03   0.27702E-03   0.00000E+00   0.00000E+00   0.14000E+02
        53 TCLA.D6R7.B1    0.0000000000E+00    0.6504937303E+02    0.1579157264E+03    0.2538008511E-02 W    0.10000E+01   0.18129E-03   0.28246E-03   0.00000E+00   0.00000E+00   0.14000E+02
        54 TCLA.A7R7.B1    0.0000000000E+00    0.6463389357E+02    0.1464538223E+03    0.2529890219E-02 W    0.10000E+01   0.18071E-03   0.27202E-03   0.00000E+00   0.00000E+00   0.14000E+02
        60 TCTH.4L8.B1     0.0000000000E+00    0.2398241055E+03    0.2988851657E+03    0.5221330169E-02 W    0.10000E+01   0.34809E-03   0.38859E-03   0.00000E+00   0.00000E+00   0.15000E+02
        62 TCTVA.4L8.B1    0.1571000000E+01    0.2503653154E+03    0.3001496742E+03    0.5841221520E-02 W    0.10000E+01   0.35566E-03   0.38941E-03   0.00000E+00   0.00000E+00   0.15000E+02
        55 TCTH.4L1.B1     0.0000000000E+00    0.1065327720E+04    0.4104420308E+03    0.1005091643E-01 W    0.10000E+01   0.73364E-03   0.45538E-03   0.00000E+00   0.00000E+00   0.13700E+02
        56 TCTVA.4L1.B1    0.1571000000E+01    0.1069713597E+04    0.4334065767E+03    0.6410793824E-02 W    0.10000E+01   0.73515E-03   0.46794E-03   0.00000E+00   0.00000E+00   0.13700E+02
