  3.8630446819306e+02  ms.10r1.b1         3 -7.2171197878775e-05  6.9774352035816e+01  4.9736792893818e+02  1.2085527895651e+00  7.5241989810668e-01
  4.3912515759075e+02  ms.11r1.b1         3  4.3854655380611e-05  5.1541883849117e+02  4.1607081737389e+01  1.2494502943519e+00  8.1791230672513e-01
  4.9258064168728e+02  ms.12r1.b1         3 -1.8265500000000e-05  5.8814223647823e+01  6.3018532994786e+01  1.3018925521442e+00  1.0438239114147e+00
  5.4603212578381e+02  ms.13r1.b1         3  1.1070000000000e-05  6.4140390224861e+01  6.6642716719172e+01  1.4564335813530e+00  1.2110997676109e+00
  5.9948360988034e+02  ms.14r1.b1         3 -7.2171197878775e-05  4.9796432067960e+01  5.0767824400594e+02  1.6936642495516e+00  1.2554668154628e+00
  6.5293509397687e+02  ms.15r1.b1         3  4.3854655380611e-05  5.0657191556763e+02  4.0582198631895e+01  1.7452793769482e+00  1.3196566285961e+00
  7.0638657807340e+02  ms.16r1.b1         3 -1.8265500000000e-05  5.7231211181505e+01  6.4474690497078e+01  1.7989478553808e+00  1.5465775873464e+00
  7.5983806216992e+02  ms.17r1.b1         3  1.1070000000000e-05  6.4191044155800e+01  6.6676390829634e+01  1.9562279540419e+00  1.7111109624542e+00
  8.1328954626645e+02  ms.18r1.b1         3 -7.2171197878775e-05  4.9756580961111e+01  5.0783572024324e+02  2.1936304336113e+00  1.7554631592404e+00
  8.6674103036298e+02  ms.19r1.b1         3  4.3854655380611e-05  5.0651415354548e+02  4.0565185642662e+01  2.2452729232383e+00  1.8196604362831e+00
  9.2019251445951e+02  ms.20r1.b1         3 -1.8265500000000e-05  5.7211354846806e+01  6.4490980069669e+01  2.2989542417868e+00  2.0466715860283e+00
  9.7364399855604e+02  ms.21r1.b1         3  1.1070000000000e-05  6.4186560113873e+01  6.6699730654664e+01  2.4562820191363e+00  2.2111216523681e+00
  1.0270954826526e+03  ms.22r1.b1         3 -7.2171197878775e-05  4.9754720016954e+01  5.0781501983736e+02  2.6936304404228e+00  2.2554630948451e+00
  1.0805469667491e+03  ms.23r1.b1         3  4.3854655380611e-05  5.0644105607119e+02  4.0555025966793e+01  2.7452749079494e+00  2.3196665079113e+00
  1.1339984508456e+03  ms.24r1.b1         3 -1.8265500000000e-05  5.7257042940170e+01  6.4497442892008e+01  2.7989380036025e+00  2.5467608258148e+00
  1.1874499349422e+03  ms.25r1.b1         3  1.1070000000000e-05  6.4237375477391e+01  6.6733471771350e+01  2.9560765931021e+00  2.7111328519159e+00
  1.2409014190387e+03  ms.26r1.b1         3 -7.2171197878775e-05  4.9714899341973e+01  5.0797257993116e+02  3.1935965979732e+00  2.7554594387142e+00
  1.2943529031352e+03  ms.27r1.b1         3  4.3854655380611e-05  5.0638326985950e+02  4.0538062167854e+01  3.2452684456791e+00  2.8196702799390e+00
  1.3478043872318e+03  ms.28r1.b1         3 -1.8265500000000e-05  5.7237195719342e+01  6.4513783514957e+01  3.2989443746206e+00  3.0468546068914e+00
  1.4547073554248e+03  ms.30r1.b1         3 -7.2171197878775e-05  4.9714689792421e+01  5.0796918928221e+02  3.6935966114110e+00  3.2554593622043e+00
  1.5081588395213e+03  ms.31r1.b1         3  4.3854655380611e-05  5.0631690813361e+02  4.0533321117498e+01  3.7452688796235e+00  3.3196702460663e+00
  1.5616103236179e+03  ms.32r1.b1         3 -1.8265500000000e-05  5.7286434211998e+01  6.4513329804548e+01  3.7989244984008e+00  3.5469238433126e+00
  1.6685132918109e+03  ms.34l2.b1         3 -7.2171197878775e-05  4.9672045486097e+01  5.0816505314839e+02  4.1935688336356e+00  3.7554543238616e+00
  1.7754162600040e+03  ms.32l2.b1         3 -1.8265500000000e-05  5.7269823047903e+01  6.4521234207767e+01  4.2989347873543e+00  4.0469976052499e+00
  1.8288677441005e+03  ms.31l2.b1         3  1.1070000000000e-05  6.4280059047931e+01  6.6811058167846e+01  4.4559652363532e+00  4.2111645526408e+00
  1.8823192281970e+03  ms.30l2.b1         3 -7.2171197878775e-05  4.9663966882526e+01  5.0808309118645e+02  4.6935668568310e+00  4.2554532949675e+00
  1.9892221963901e+03  ms.28l2.b1         3 -1.8265500000000e-05  5.7285230065166e+01  6.4521946583447e+01  4.7989262664201e+00  4.5469514128368e+00
  2.0426736804866e+03  ms.27l2.b1         3  1.1070000000000e-05  6.4285237622744e+01  6.6796309276270e+01  4.9559158958312e+00  4.7111474989075e+00
  2.0961251645832e+03  ms.26l2.b1         3 -7.2171197878775e-05  4.9671757038919e+01  5.0812671450994e+02  5.1935615386465e+00  4.7554457770037e+00
  2.1495766486797e+03  ms.25l2.b1         3  4.3854655380611e-05  5.0625569905128e+02  4.0508748147173e+01  5.2452633952368e+00  4.8196708848561e+00
  2.2030281327762e+03  ms.24l2.b1         3 -1.8265500000000e-05  5.7265403953621e+01  6.4538344729495e+01  5.2989326066874e+00  5.0470449667753e+00
  2.2564796168728e+03  ms.23l2.b1         3  1.1070000000000e-05  6.4280689150151e+01  6.6819587013615e+01  5.4559697229671e+00  5.2111581430478e+00
  2.3099311009693e+03  ms.22l2.b1         3 -7.2171197878775e-05  4.9669873817216e+01  5.0810602433133e+02  5.6935615343143e+00  5.2554457117815e+00
  2.3633825850658e+03  ms.21l2.b1         3  4.3854655380611e-05  5.0618258415657e+02  4.0498519319245e+01  5.7452653936443e+00  5.3196770343599e+00
  2.4168340691623e+03  ms.20l2.b1         3 -1.8265500000000e-05  5.7311074584551e+01  6.4545069488024e+01  5.7989164166656e+00  5.5471345158427e+00
  2.4702855532589e+03  ms.19l2.b1         3  1.1070000000000e-05  6.4331840933853e+01  6.6853466170244e+01  5.9557647403499e+00  5.7111693522366e+00
  2.5237370373554e+03  ms.18l2.b1         3 -7.2171197878775e-05  4.9630114751386e+01  5.0826377711782e+02  6.1935276380900e+00  5.7554420566565e+00
  2.5771885214519e+03  ms.17l2.b1         3  4.3854655380611e-05  5.0612482125459e+02  4.0481656163814e+01  6.2452589093760e+00  5.8196807321809e+00
  2.6306400055485e+03  ms.16l2.b1         3 -1.8265500000000e-05  5.7291257598937e+01  6.4561517946379e+01  6.2989227415571e+00  6.0472278519681e+00
  2.6840914896450e+03  ms.15l2.b1         3  1.1070000000000e-05  6.4327275727221e+01  6.6876725677084e+01  6.4558184668278e+00  6.2111799745308e+00
  2.7375429737415e+03  ms.14l2.b1         3 -7.2171197878775e-05  4.9630126989504e+01  5.0826288487807e+02  6.6935276318122e+00  6.2554419788613e+00
  2.7909944578381e+03  ms.13l2.b1         3  4.3854655380611e-05  5.0234290140385e+02  4.0837195439947e+01  6.7452636387463e+00  6.3196165963283e+00
  2.8444459419346e+03  ms.12l2.b1         3 -1.8265500000000e-05  4.1238596968966e+01  6.5349081718838e+01  6.8091053539142e+00  6.5396277583285e+00
  2.8991684260311e+03  ms.11l2.b1         3  1.1070000000000e-05  6.1288717145421e+01  7.2716386450194e+01  7.0385221199017e+00  6.7062813814121e+00
  3.7711228260311e+03  ms.11r2.b1         3 -2.1808002889746e-05  3.7085444244817e+01  1.7279367150670e+02  9.4321728906600e+00  8.8018676240511e+00
  3.8245753419346e+03  ms.12r2.b1         3  1.2356863940586e-05  1.7893814953824e+02  2.8914280936946e+01  9.5391785410019e+00  8.9481941630482e+00
  3.8780238578381e+03  ms.13r2.b1         3 -2.1808002889746e-05  3.1660288469949e+01  1.7646618062332e+02  9.6742336089005e+00  9.0730810480552e+00
  3.9314723737415e+03  ms.14r2.b1         3  1.2356863940586e-05  1.7494338328308e+02  3.2722677786516e+01  9.7931623060428e+00  9.2060826897934e+00
  3.9849208896450e+03  ms.15r2.b1         3 -2.1808002889746e-05  3.2242724396169e+01  1.7496205816318e+02  9.9281669604991e+00  9.3226811011747e+00
  4.0383694055485e+03  ms.16r2.b1         3  1.2356863940586e-05  1.7505532922306e+02  3.2534007384304e+01  1.0045716575905e+01  9.4569552079443e+00
  4.0918179214520e+03  ms.17r2.b1         3 -2.1808002889746e-05  3.1662499852061e+01  1.7646821934694e+02  1.0182318772839e+01  9.5733541892131e+00
  4.1452664373554e+03  ms.18r2.b1         3  1.2356863940586e-05  1.7510417911872e+02  3.2722160384596e+01  1.0301174620854e+01  9.7063562057469e+00
  4.1987149532589e+03  ms.19r2.b1         3 -2.1808002889746e-05  3.2239047641643e+01  1.7496001921167e+02  1.0436106672683e+01  9.8229565834231e+00
  4.2521634691624e+03  ms.20r2.b1         3  1.2356863940586e-05  1.7489465536775e+02  3.2534526888249e+01  1.0553731119562e+01  9.9572303043572e+00
  4.3056119850658e+03  ms.21r2.b1         3 -2.1808002889746e-05  3.1667635824533e+01  1.7647025546067e+02  1.0690402993501e+01  1.0073627321436e+01
  4.3590605009693e+03  ms.22r2.b1         3  1.2356863940586e-05  1.7526432661867e+02  3.2721636824743e+01  1.0809179597410e+01  1.0206629730721e+01
  4.4125090168728e+03  ms.23r2.b1         3 -2.1808002889746e-05  3.2232459306206e+01  1.7495799220941e+02  1.0944047662901e+01  1.0323232083342e+01
  4.4659575327763e+03  ms.24r2.b1         3  1.2356863940586e-05  1.7473544607120e+02  3.2535049635449e+01  1.1061753023028e+01  1.0457505403433e+01
  4.5194060486797e+03  ms.25r2.b1         3 -2.1808002889746e-05  3.1675656980886e+01  1.7647227608867e+02  1.1198485537390e+01  1.0573900455579e+01
  4.5728545645832e+03  ms.26r2.b1         3  1.2356863940586e-05  1.7542219134022e+02  3.2721117089825e+01  1.1317177300279e+01  1.0706903255032e+01
  4.6263030804867e+03  ms.27r2.b1         3 -2.1808002889746e-05  3.2223031951611e+01  1.7495597154341e+02  1.1451990614959e+01  1.0823507571721e+01
  4.6797515963901e+03  ms.28r2.b1         3  1.2356863940586e-05  1.7457931990355e+02  3.2535571113525e+01  1.1569782153642e+01  1.0957780491279e+01
  4.7332001122936e+03  ms.29r2.b1         3 -2.1808002889746e-05  3.1686469179338e+01  1.7647429436670e+02  1.1706565673709e+01  1.1074173582272e+01
  4.8400971441005e+03  ms.31r2.b1         3 -2.1808002889746e-05  3.2210858075212e+01  1.7495396000273e+02  1.1959936239405e+01  1.1323783079134e+01
  4.8935456600040e+03  ms.32r2.b1         3  1.2356863940586e-05  1.7442785105351e+02  3.2536096317881e+01  1.2077818375779e+01  1.1458055583262e+01
  4.9469941759075e+03  ms.33r2.b1         3 -2.1808002889746e-05  3.1699973931546e+01  1.7647629906638e+02  1.2214642705378e+01  1.1574446710527e+01
  5.0538912077144e+03  ms.33l3.b1         3 -2.1808002889746e-05  3.2196058938263e+01  1.7495195987836e+02  1.2467885192569e+01  1.1824058572777e+01
  5.1607882395214e+03  ms.31l3.b1         3 -2.1808002889746e-05  3.1716028752132e+01  1.7647829588968e+02  1.2722715973002e+01  1.2074719831238e+01
  5.2142367554248e+03  ms.30l3.b1         3  1.2356863940586e-05  1.7586636194937e+02  3.2719541665664e+01  1.2841128715577e+01  1.2207723866133e+01
  5.2676852713283e+03  ms.29l3.b1         3 -2.1808002889746e-05  3.2178785812018e+01  1.7494996961143e+02  1.2975838114230e+01  1.2324334086382e+01
  5.3745823031353e+03  ms.27l3.b1         3 -2.1808002889746e-05  3.1734474298793e+01  1.7648028156610e+02  1.3230784851126e+01  1.2574992950873e+01
  5.4280308190387e+03  ms.26l3.b1         3  1.2356863940586e-05  1.7599960242172e+02  3.2719017266327e+01  1.3349099592669e+01  1.2707997406060e+01
  5.4814793349422e+03  ms.25l3.b1         3 -2.1808002889746e-05  3.2159218616704e+01  1.7494798442498e+02  1.3483795586016e+01  1.2824609586367e+01
  5.5349278508457e+03  ms.24l3.b1         3  1.2356863940586e-05  1.7401643235830e+02  3.2537672746175e+01  1.3601966808866e+01  1.2958880812062e+01
  5.5883763667491e+03  ms.23l3.b1         3 -2.1808002889746e-05  3.1755116187618e+01  1.7648226378275e+02  1.3738848753193e+01  1.3075266066727e+01
  5.6418248826526e+03  ms.22l3.b1         3  1.2356863940586e-05  1.7612312501472e+02  3.2718487566828e+01  1.3857064658818e+01  1.3208270958273e+01
  5.6952733985561e+03  ms.21l3.b1         3 -2.1808002889746e-05  3.2137548971635e+01  1.7494601069174e+02  1.3991758176145e+01  1.3324885105625e+01
  5.7487219144596e+03  ms.20l3.b1         3  1.2356863940586e-05  1.7389824771453e+02  3.2538202718692e+01  1.4110028296646e+01  1.3459155883600e+01
  5.8021704303630e+03  ms.19l3.b1         3 -2.1808002889746e-05  3.1777757828838e+01  1.7648422975562e+02  1.4246907156629e+01  1.3575539180048e+01
  5.8556189462665e+03  ms.18l3.b1         3  1.2356863940586e-05  1.7623566784413e+02  3.2717960839549e+01  1.4365024370057e+01  1.3708544508050e+01
  5.9090674621700e+03  ms.17l3.b1         3 -2.1808002889746e-05  3.2113999512952e+01  1.7494404551615e+02  1.4499726361504e+01  1.3825160612515e+01
  5.9625159780734e+03  ms.16l3.b1         3  1.2356863940586e-05  1.7379162686188e+02  3.2538730054920e+01  1.4618094984084e+01  1.3959430945719e+01
  6.0159644939769e+03  ms.15l3.b1         3 -2.1808002889746e-05  3.1802155952212e+01  1.7648619374638e+02  1.4754959593965e+01  1.4075812290578e+01
  6.0694130098804e+03  ms.14l3.b1         3  1.2356863940586e-05  1.7633610120845e+02  3.2717429187576e+01  1.4872979283975e+01  1.4208818069352e+01
  6.1228615257838e+03  ms.13l3.b1         3 -2.1808002889746e-05  3.2121162837692e+01  1.7477188997305e+02  1.5007690075583e+01  1.4325437907501e+01
  6.1763100416873e+03  ms.12l3.b1         3  1.2356863940586e-05  1.7287623564096e+02  3.2145914935617e+01  1.5125816835483e+01  1.4461604783976e+01
  6.2310295575908e+03  ms.11l3.b1         3 -2.1808002889746e-05  2.8087748548995e+01  1.7523718881937e+02  1.5289021013229e+01  1.4577514735331e+01
  7.1038380424093e+03  ms.11r3.b1         3  1.2356863940586e-05  1.7366650868863e+02  4.2418561137932e+01  1.7013175192295e+01  1.6031164937614e+01
  7.1572905583128e+03  ms.12r3.b1         3 -2.1808002889746e-05  3.9667428454923e+01  1.6933599231009e+02  1.7131049483086e+01  1.6133773227990e+01
  7.2107390742163e+03  ms.13r3.b1         3  1.2356863940586e-05  1.7391871628259e+02  3.2585290492367e+01  1.7235881683626e+01  1.6269991512456e+01
  7.2641875901197e+03  ms.14r3.b1         3 -2.1808002889746e-05  3.2185495277172e+01  1.7476587390030e+02  1.7371580009112e+01  1.6386972371396e+01
  7.3176361060232e+03  ms.15r3.b1         3  1.2356863940586e-05  1.7610164853770e+02  3.2671434401954e+01  1.7488827139512e+01  1.6520970306437e+01
  7.3710846219267e+03  ms.16r3.b1         3 -2.1808002889746e-05  3.1709764282037e+01  1.7666315766087e+02  1.7624745960233e+01  1.6636990348860e+01
  7.4245331378301e+03  ms.17r3.b1         3  1.2356863940586e-05  1.7403885979790e+02  3.2584693146087e+01  1.7743942167522e+01  1.6770266185050e+01
  7.4779816537336e+03  ms.18r3.b1         3 -2.1808002889746e-05  3.2201862300335e+01  1.7476633292551e+02  1.7879531385172e+01  1.6887248173786e+01
  7.5314301696371e+03  ms.19r3.b1         3  1.2356863940586e-05  1.7597628175697e+02  3.2672028854233e+01  1.7996793224243e+01  1.7021244253151e+01
  7.5848786855406e+03  ms.20r3.b1         3 -2.1808002889746e-05  3.1694643856387e+01  1.7666269314612e+02  1.8132820709334e+01  1.7137263189390e+01
  7.6383272014440e+03  ms.21r3.b1         3  1.2356863940586e-05  1.7416913182202e+02  3.2584101714024e+01  1.8251996850320e+01  1.7270540860783e+01
  7.6917757173475e+03  ms.22r3.b1         3 -2.1808002889746e-05  3.2215702539641e+01  1.7476679806217e+02  1.8387479018859e+01  1.7387523963804e+01
  7.7452242332510e+03  ms.23r3.b1         3  1.2356863940586e-05  1.7584142819652e+02  3.2672622523181e+01  1.8504765183807e+01  1.7521518186588e+01
  7.7986727491544e+03  ms.24r3.b1         3 -2.1808002889746e-05  3.1682123731723e+01  1.7666222248247e+02  1.8640898974856e+01  1.7637536020833e+01
  7.8521212650579e+03  ms.25r3.b1         3  1.2356863940586e-05  1.7430822599201e+02  3.2583505420532e+01  1.8760045302387e+01  1.7770815543811e+01
  7.9055697809614e+03  ms.26r3.b1         3 -2.1808002889746e-05  3.2226865864779e+01  1.7476727936570e+02  1.8895423577222e+01  1.7887799765217e+01
  7.9590182968648e+03  ms.27r3.b1         3  1.2356863940586e-05  1.7569845219211e+02  3.2673216198431e+01  1.9012743471380e+01  1.8021792123228e+01
  8.0124668127683e+03  ms.28r3.b1         3 -2.1808002889746e-05  3.1672340877262e+01  1.7666173519479e+02  1.9148980094214e+01  1.8137808862220e+01
  8.1193638445753e+03  ms.30r3.b1         3 -2.1808002889746e-05  3.2235246210463e+01  1.7476776974870e+02  1.9403365720139e+01  1.8388075552231e+01
  8.1728123604787e+03  ms.31r3.b1         3  1.2356863940586e-05  1.7554880446508e+02  3.2673808524071e+01  1.9520728401315e+01  1.8522066044601e+01
  8.2262608763822e+03  ms.32r3.b1         3 -2.1808002889746e-05  3.1665386123507e+01  1.7666123976277e+02  1.9657063349152e+01  1.8638081694562e+01
  8.3331579081891e+03  ms.34l4.b1         3 -2.1808002889746e-05  3.2240757133696e+01  1.7476827084096e+02  1.9911306149039e+01  1.8888351353547e+01
  8.4400549399961e+03  ms.32l4.b1         3 -2.1808002889746e-05  3.1661333339922e+01  1.7666073271695e+02  2.0165148007487e+01  1.9138354537851e+01
  8.4935034558996e+03  ms.31l4.b1         3  1.2356863940586e-05  1.7476394058940e+02  3.2581730464365e+01  2.0284149966826e+01  1.9271639617047e+01
  8.5469519718030e+03  ms.30l4.b1         3 -2.1808002889746e-05  3.2243344306146e+01  1.7476878105630e+02  2.0419245575474e+01  1.9388627139353e+01
  8.6538490036100e+03  ms.28l4.b1         3 -2.1808002889746e-05  3.1660220820682e+01  1.7666021687061e+02  2.0673233322318e+01  1.9638627373905e+01
  8.7072975195135e+03  ms.27l4.b1         3  1.2356863940586e-05  1.7492353548887e+02  3.2581136442355e+01  2.0792170542397e+01  1.9771914321413e+01
  8.7607460354169e+03  ms.26l4.b1         3 -2.1808002889746e-05  3.2242974629395e+01  1.7476930738897e+02  2.0927184738623e+01  1.9888902938715e+01
  8.8141945513204e+03  ms.25l4.b1         3  1.2356863940586e-05  1.7507521840943e+02  3.2675584404383e+01  2.1044725560545e+01  2.0022887803676e+01
  8.8676430672239e+03  ms.24l4.b1         3 -2.1808002889746e-05  3.1662067636206e+01  1.7665968419307e+02  2.1181318550173e+01  2.0138900217087e+01
  8.9210915831274e+03  ms.23l4.b1         3  1.2356863940586e-05  1.7508429887529e+02  3.2580548104956e+01  2.1300183767491e+01  2.0272189025927e+01
  8.9745400990308e+03  ms.22l4.b1         3 -2.1808002889746e-05  3.2239660721291e+01  1.7476984087319e+02  2.1435124344430e+01  2.0389178722780e+01
  9.0279886149343e+03  ms.21l4.b1         3  1.2356863940586e-05  1.7491447621776e+02  3.2676174008404e+01  2.1552739194076e+01  2.0523161707849e+01
  9.0814371308378e+03  ms.20l4.b1         3 -2.1808002889746e-05  3.1666843439946e+01  1.7665914667279e+02  2.1689402927252e+01  2.0639173055232e+01
  9.1348856467412e+03  ms.19l4.b1         3  1.2356863940586e-05  1.7524461528665e+02  3.2579955300523e+01  2.1808189649410e+01  2.0772463740066e+01
  9.1883341626447e+03  ms.18l4.b1         3 -2.1808002889746e-05  3.2233428983311e+01  1.7477038873761e+02  2.1943065139526e+01  2.0889454520442e+01
  9.2417826785482e+03  ms.17l4.b1         3  1.2356863940586e-05  1.7475499787524e+02  3.2676765152458e+01  2.2060760193542e+01  2.1023435614142e+01
  9.2952311944517e+03  ms.16l4.b1         3 -2.1808002889746e-05  3.1674512434442e+01  1.7665859138464e+02  2.2197485718547e+01  2.1139445899365e+01
  9.3486797103551e+03  ms.15l4.b1         3  1.2356863940586e-05  1.7540284854300e+02  3.2579367998446e+01  2.2316188243860e+01  2.1272738454178e+01
  9.4021282262586e+03  ms.14l4.b1         3 -2.1808002889746e-05  3.2224348445705e+01  1.7477094499245e+02  2.2451007809635e+01  2.1389730302521e+01
  9.4555767421621e+03  ms.13l4.b1         3  1.2356863940586e-05  1.7445892867612e+02  3.2704373886310e+01  2.2568789890577e+01  2.1523701006925e+01
  9.5090252580655e+03  ms.12l4.b1         3 -2.1808002889746e-05  3.1007664402740e+01  1.7799761261468e+02  2.2707287941055e+01  2.1639415485674e+01
  9.5637447739690e+03  ms.11l4.b1         3  1.2356863940586e-05  1.6513035608840e+02  3.7709670511498e+01  2.2829800217270e+01  2.1769478784720e+01
  1.0435691258788e+04  ms.11r4.b1         3 -1.8265500000000e-05  6.0445227024785e+01  1.1526497043106e+02  2.4395937438456e+01  2.3074343052183e+01
  1.0489143774691e+04  ms.12r4.b1         3  1.1070000000000e-05  6.1939445586157e+01  9.3080518508830e+01  2.4551076819190e+01  2.3165825583509e+01
  1.0542592290594e+04  ms.13r4.b1         3 -7.3841457683205e-05  5.0832971266569e+01  5.0860575247266e+02  2.4794625677466e+01  2.3203380420031e+01
  1.0596040806498e+04  ms.14r4.b1         3  4.6671304287456e-05  5.1230438205422e+02  3.9517030449794e+01  2.4845396063437e+01  2.3268417599741e+01
  1.0649489322401e+04  ms.15r4.b1         3 -1.8265500000000e-05  5.7015417909020e+01  6.5680929739551e+01  2.4898853310963e+01  2.3500185132051e+01
  1.0702937838305e+04  ms.16r4.b1         3  1.1070000000000e-05  6.2959604261906e+01  6.8125708591911e+01  2.5058967721927e+01  2.3659543034454e+01
  1.0756386354208e+04  ms.17r4.b1         3 -7.3841457683205e-05  5.0816556189239e+01  5.0860052535501e+02  2.5294602378461e+01  2.3703368027823e+01
  1.0809834870112e+04  ms.18r4.b1         3  4.6671304287456e-05  5.1462856134812e+02  3.7285780012276e+01  2.5345259442376e+01  2.3770447450863e+01
  1.0863283386015e+04  ms.19r4.b1         3 -1.8265500000000e-05  5.1927785519602e+01  6.9022994121983e+01  2.5401250910998e+01  2.4009569387746e+01
  1.0916731901919e+04  ms.20r4.b1         3  1.1070000000000e-05  5.9918149459181e+01  7.0009078032605e+01  2.5582186182207e+01  2.4159942360243e+01
  1.0970180417822e+04  ms.21r4.b1         3 -7.3841457683205e-05  5.5656725276078e+01  5.0350106102013e+02  2.5796837686365e+01  2.4203385145669e+01
  1.1023628933726e+04  ms.22r4.b1         3  4.6671304287456e-05  5.1149810164079e+02  3.9603446568327e+01  2.5845326274209e+01  2.4268691332296e+01
  1.1077077449629e+04  ms.23r4.b1         3 -1.8265500000000e-05  5.6989425844613e+01  6.5597787166408e+01  2.5898839584198e+01  2.4499842834978e+01
  1.1130525965533e+04  ms.24r4.b1         3  1.1070000000000e-05  6.2969791600527e+01  6.8053238284467e+01  2.6058990923519e+01  2.4659490977155e+01
  1.1183974481436e+04  ms.25r4.b1         3 -7.3841457683205e-05  5.0812533939323e+01  5.0863724660573e+02  2.6294553088335e+01  2.4703338283845e+01
  1.1237422997340e+04  ms.26r4.b1         3  4.6671304287456e-05  5.1445243031009e+02  3.7348141073732e+01  2.6345221204411e+01  2.4770355541645e+01
  1.1290871513243e+04  ms.27r4.b1         3 -1.8265500000000e-05  5.1903367971886e+01  6.8922067716013e+01  2.6401236416540e+01  2.5009238506363e+01
  1.1344320029147e+04  ms.28r4.b1         3  1.1070000000000e-05  5.9935246087774e+01  6.9934387780745e+01  2.6582203470300e+01  2.5159890552178e+01
  1.1397768545050e+04  ms.29r4.b1         3 -7.3841457683205e-05  5.5651332085855e+01  5.0353797929734e+02  2.6796788660669e+01  2.5203355489476e+01
  1.1504665576857e+04  ms.31r4.b1         3 -1.8265500000000e-05  5.1481262462730e+01  6.5710655489468e+01  2.6901724599734e+01  2.5497569528414e+01
  1.1558114092760e+04  ms.32r4.b1         3  1.1070000000000e-05  6.0094527672062e+01  6.7161152613715e+01  2.7083645814579e+01  2.5658664247935e+01
  1.1611562608664e+04  ms.33r4.b1         3 -7.3841457683205e-05  5.5727047590110e+01  5.0415679498228e+02  2.7296886768766e+01  2.5703010362552e+01
  1.1718459640471e+04  ms.33l5.b1         3 -1.8265500000000e-05  5.1942790818325e+01  6.8888024331208e+01  2.7401191731620e+01  2.6009056349782e+01
  1.1825356672278e+04  ms.31l5.b1         3 -7.3841457683205e-05  5.5609384794423e+01  5.0344971346532e+02  2.7796761303869e+01  2.6203330187423e+01
  1.1878805188181e+04  ms.30l5.b1         3  4.6671304287456e-05  5.1131900145368e+02  3.9695063960879e+01  2.7845279958370e+01  2.6268559962847e+01
  1.1932253704085e+04  ms.29l5.b1         3 -1.8265500000000e-05  5.7008594888074e+01  6.5486327731977e+01  2.7898793654807e+01  2.6499307789216e+01
  1.2039150735892e+04  ms.27l5.b1         3 -7.3841457683205e-05  5.0768526781797e+01  5.0858964522691e+02  2.8294477622832e+01  2.6703282827545e+01
  1.2092599251795e+04  ms.26l5.b1         3  4.6671304287456e-05  5.1427437560140e+02  3.7438537874389e+01  2.8345177551733e+01  2.6770217319294e+01
  1.2146047767699e+04  ms.25l5.b1         3 -1.8265500000000e-05  5.1923077563588e+01  6.8779587953617e+01  2.8401191785180e+01  2.7008711219741e+01
  1.2199496283602e+04  ms.24l5.b1         3  1.1070000000000e-05  5.9965547162823e+01  6.9808004727734e+01  2.8582006954183e+01  2.7159792945047e+01
  1.2252944799506e+04  ms.23l5.b1         3 -7.3841457683205e-05  5.5603750260289e+01  5.0349172746480e+02  2.8796715451270e+01  2.7203300267673e+01
  1.2306393315409e+04  ms.22l5.b1         3  4.6671304287456e-05  5.1114866825986e+02  3.9760342188732e+01  2.8845244987012e+01  2.7268470380921e+01
  1.2359841831313e+04  ms.21l5.b1         3 -1.8265500000000e-05  5.6982865662772e+01  6.5404397960742e+01  2.8898780510328e+01  2.7498963771109e+01
  1.2413290347216e+04  ms.20l5.b1         3  1.1070000000000e-05  6.3027023636596e+01  6.7858896195448e+01  2.9058832231349e+01  2.7659340860971e+01
  1.2466738863119e+04  ms.19l5.b1         3 -7.3841457683205e-05  5.0764429937622e+01  5.0862520319897e+02  2.9294428218859e+01  2.7703253085809e+01
  1.2520187379023e+04  ms.18l5.b1         3  4.6671304287456e-05  5.1409768681772e+02  3.7501005539654e+01  2.9345139285146e+01  2.7770125786286e+01
  1.2573635894926e+04  ms.17l5.b1         3 -1.8265500000000e-05  5.1898654840656e+01  6.8680212254295e+01  2.9401177315376e+01  2.8008379082593e+01
  1.2627084410830e+04  ms.16l5.b1         3  1.1070000000000e-05  5.9982721161083e+01  6.9733282643114e+01  2.9582024046031e+01  2.8159740975269e+01
  1.2680532926733e+04  ms.15l5.b1         3 -7.3841457683205e-05  5.5598272225048e+01  5.0352750547398e+02  2.9796666314012e+01  2.8203270613763e+01
  1.2733981442637e+04  ms.14l5.b1         3  4.6671304287456e-05  5.1097361828483e+02  3.9824815584340e+01  2.9845206897367e+01  2.8268382343808e+01
  1.2787429958540e+04  ms.13l5.b1         3 -1.8265500000000e-05  5.6215651941749e+01  6.6064029071088e+01  2.9898835656565e+01  2.8498566130142e+01
  1.2840878474444e+04  ms.12l5.b1         3  1.1070000000000e-05  5.8534205477466e+01  7.3211169267697e+01  3.0071241939248e+01  2.8648554627849e+01
  1.2895597990347e+04  ms.11l5.b1         3 -7.3841457683205e-05  6.1868761676894e+01  5.0237097731639e+02  3.0298929127359e+01  2.8690486446753e+01
  1.2948340700950e+04  ms.10l5.b1         3  4.6671304287456e-05  4.7737613616168e+02  6.0506955080316e+01  3.0343912785248e+01  2.8744178922637e+01
  1.3715593700950e+04  ms.10r5.b1         3 -7.2751989382056e-05  7.0360377919610e+01  4.9945935195720e+02  3.2308459190122e+01  3.0699571885210e+01
  1.3768414390347e+04  ms.11r5.b1         3  4.2991025560353e-05  5.1988426783870e+02  4.1727380200779e+01  3.2349003020224e+01  3.0764818816137e+01
  1.3821869874444e+04  ms.12r5.b1         3 -1.8265500000000e-05  5.9155391038520e+01  6.2788401983259e+01  3.2401054698249e+01  3.0991136354080e+01
  1.3875321358540e+04  ms.13r5.b1         3  1.1070000000000e-05  6.3611576914027e+01  6.6884800509192e+01  3.2555886635940e+01  3.1158416749516e+01
  1.3928772842637e+04  ms.14r5.b1         3 -7.2751989382056e-05  5.0181466760083e+01  5.0985738259513e+02  3.2793690235566e+01  3.1202606027800e+01
  1.3982224326733e+04  ms.15r5.b1         3  4.2991025560353e-05  5.0907032920817e+02  4.2749316419815e+01  3.2844974168506e+01  3.1264915840999e+01
  1.4035675810830e+04  ms.16r5.b1         3 -1.8265500000000e-05  6.1807894573490e+01  6.2087384588667e+01  3.2896410153035e+01  3.1485064885911e+01
  1.4089127294926e+04  ms.17r5.b1         3  1.1070000000000e-05  6.8255462939247e+01  6.5265779891631e+01  3.3038606794213e+01  3.1657989745018e+01
  1.4142578779023e+04  ms.18r5.b1         3 -7.2751989382056e-05  4.6515014574405e+01  5.1402335064575e+02  3.3291678482501e+01  3.1702549635344e+01
  1.4196030263119e+04  ms.19r5.b1         3  4.2991025560353e-05  5.1150747553262e+02  4.0703177988595e+01  3.3344884121018e+01  3.1766225814943e+01
  1.4249481747216e+04  ms.20r5.b1         3 -1.8265500000000e-05  5.7483989623788e+01  6.4217999457359e+01  3.3398161001830e+01  3.1993698748580e+01
  1.4302933231313e+04  ms.21r5.b1         3  1.1070000000000e-05  6.3595317229410e+01  6.6856270908412e+01  3.3556034717822e+01  3.2158402679448e+01
  1.4356384715409e+04  ms.22r5.b1         3 -7.2751989382056e-05  5.0201772374720e+01  5.0983203888631e+02  3.3793684962136e+01  3.2202602762543e+01
  1.4409836199506e+04  ms.23r5.b1         3  4.2991025560353e-05  5.0894880281280e+02  4.2769094971214e+01  3.3844964489940e+01  3.2264899015143e+01
  1.4463287683602e+04  ms.24r5.b1         3 -1.8265500000000e-05  6.1759061104208e+01  6.2072875243781e+01  3.3896427911661e+01  3.2484952267056e+01
  1.4516739167699e+04  ms.25r5.b1         3  1.1070000000000e-05  6.8223711891490e+01  6.5238502668252e+01  3.4038748891756e+01  3.2657975791183e+01
  1.4570190651795e+04  ms.26r5.b1         3 -7.2751989382056e-05  4.6535049578127e+01  5.1399747287122e+02  3.4291674186845e+01  3.2702546399609e+01
  1.4623642135892e+04  ms.27r5.b1         3  4.2991025560353e-05  5.1138615862934e+02  4.0722247954871e+01  3.4344874479422e+01  3.2766208511840e+01
  1.4677093619988e+04  ms.28r5.b1         3 -1.8265500000000e-05  5.7437968935081e+01  6.4198554550724e+01  3.4398180103507e+01  3.2993589178202e+01
  1.4783996588181e+04  ms.30r5.b1         3 -7.2751989382056e-05  5.0222212084059e+01  5.0980252417614e+02  3.4793677343525e+01  3.3202599684215e+01
  1.4837448072278e+04  ms.31r5.b1         3  4.2991025560353e-05  5.0882382736554e+02  4.2788236027634e+01  3.4844952581591e+01  3.3264883144429e+01
  1.4890899556374e+04  ms.32r5.b1         3 -1.8265500000000e-05  6.1709425898290e+01  6.2059212472900e+01  3.4896444001956e+01  3.3484841551662e+01
  1.4997802524567e+04  ms.34l6.b1         3 -7.2751989382056e-05  4.6555421135385e+01  5.1399480485735e+02  3.5291684424657e+01  3.3702542116844e+01
  1.5104705492760e+04  ms.32l6.b1         3 -1.8265500000000e-05  6.2071083245023e+01  6.4002025920032e+01  3.5396082652290e+01  3.3995067296062e+01
  1.5158156976857e+04  ms.31l6.b1         3  1.1070000000000e-05  6.8335300001622e+01  6.7466550006611e+01  3.5537744998322e+01  3.4159009311149e+01
  1.5211608460954e+04  ms.30l6.b1         3 -7.2751989382056e-05  4.6465981110253e+01  5.1352540827003e+02  3.5791587398360e+01  3.4202841097549e+01
  1.5318511429147e+04  ms.28l6.b1         3 -1.8265500000000e-05  6.1716947870705e+01  6.2070588974645e+01  3.5896454542073e+01  3.4484834165503e+01
  1.5371962913243e+04  ms.27l6.b1         3  1.1070000000000e-05  6.8192628165420e+01  6.5200046295785e+01  3.6038888364749e+01  3.4657952669767e+01
  1.5425414397340e+04  ms.26l6.b1         3 -7.2751989382056e-05  4.6554910072588e+01  5.1386423313658e+02  3.6291685176414e+01  3.4702542711227e+01
  1.5478865881436e+04  ms.25l6.b1         3  4.2991025560353e-05  5.1129915590938e+02  4.0735091614413e+01  3.6344878379271e+01  3.4766202936228e+01
  1.5532317365533e+04  ms.24l6.b1         3 -1.8265500000000e-05  5.7398222381180e+01  6.4191170213297e+01  3.6398207893686e+01  3.4993472473854e+01
  1.5585768849629e+04  ms.23l6.b1         3  1.1070000000000e-05  6.3562001459960e+01  6.6789715018178e+01  3.6556327647221e+01  3.5158366104443e+01
  1.5639220333726e+04  ms.22l6.b1         3 -7.2751989382056e-05  5.0242394236337e+01  5.0967482999329e+02  3.6793689736175e+01  3.5202595790250e+01
  1.5692671817822e+04  ms.21l6.b1         3  4.2991025560353e-05  5.0874021633754e+02  4.2802016223256e+01  3.6844958667426e+01  3.5264876903054e+01
  1.5746123301919e+04  ms.20l6.b1         3 -1.8265500000000e-05  6.1668176698940e+01  6.2056209968959e+01  3.6896472320193e+01  3.5484721548217e+01
  1.5799574786015e+04  ms.19l6.b1         3  1.1070000000000e-05  6.8161103030480e+01  6.5172794058900e+01  3.7039030590852e+01  3.5657938706138e+01
  1.5853026270112e+04  ms.18l6.b1         3 -7.2751989382056e-05  4.6574974792208e+01  5.1383835526511e+02  3.7291680896476e+01  3.5702539474580e+01
  1.5906477754208e+04  ms.17l6.b1         3  4.2991025560353e-05  5.1117810381605e+02  4.0754161192840e+01  3.7344868735663e+01  3.5766185649334e+01
  1.5959929238305e+04  ms.16l6.b1         3 -1.8265500000000e-05  5.7352260348130e+01  6.4171858121796e+01  3.7398227017145e+01  3.5993362889685e+01
  1.6013380722402e+04  ms.15l6.b1         3  1.1070000000000e-05  6.3546038845061e+01  6.6762208456476e+01  3.7556475447122e+01  3.6158352355447e+01
  1.6066832206498e+04  ms.14l6.b1         3 -7.2751989382056e-05  5.0265221315391e+01  5.0962423156396e+02  3.7793684441160e+01  3.6202592531308e+01
  1.6120283690595e+04  ms.13l6.b1         3  4.2991025560353e-05  5.1696694720955e+02  4.0189482578925e+01  3.7844833190656e+01  3.6266599930611e+01
  1.6173735174691e+04  ms.12l6.b1         3 -1.8265500000000e-05  9.1263496254930e+01  6.3315507115505e+01  3.7886810991184e+01  3.6506086758193e+01
  1.6228457658788e+04  ms.11l6.b1         3  1.1070000000000e-05  1.3023496509474e+02  7.3642050754216e+01  3.7962290805571e+01  3.6675764920361e+01
  1.7100419973969e+04  ms.11r6.b1         3 -2.1808002889746e-05  3.2689626221462e+01  1.8617061036999e+02  3.9579342030149e+01  3.8056091928817e+01
  1.7153875458066e+04  ms.12r6.b1         3  1.2356863940586e-05  1.8408232603425e+02  2.4842268580416e+01  3.9692440745264e+01  3.8211550845682e+01
  1.7207326942162e+04  ms.13r6.b1         3 -2.1808002889746e-05  3.2066773204502e+01  1.7597029941388e+02  3.9824444065638e+01  3.8349137241041e+01
  1.7260778426259e+04  ms.14r6.b1         3  1.2356863940586e-05  1.7488592159198e+02  3.2528249935924e+01  3.9942469761937e+01  3.8482924721197e+01
  1.7314229910355e+04  ms.15r6.b1         3 -2.1808002889746e-05  3.1831681579690e+01  1.7548430905119e+02  4.0078681480213e+01  3.8599744632670e+01
  1.7367681394452e+04  ms.16r6.b1         3  1.2356863940586e-05  1.7524340827798e+02  3.2722283729177e+01  4.0197095641214e+01  3.8733249794491e+01
  1.7421132878548e+04  ms.17r6.b1         3 -2.1808002889746e-05  3.2062151260637e+01  1.7596834782026e+02  4.0332463465817e+01  3.8849447445196e+01
  1.7474584362645e+04  ms.18r6.b1         3  1.2356863940586e-05  1.7481948538088e+02  3.2528116643518e+01  4.0450527374014e+01  3.8983236275404e+01
  1.7528035846741e+04  ms.19r6.b1         3 -2.1808002889746e-05  3.1836896816323e+01  1.7548625837470e+02  4.0586758905398e+01  3.9100055683601e+01
  1.7581487330838e+04  ms.20r6.b1         3  1.2356863940586e-05  1.7530875827706e+02  3.2722418054830e+01  4.0705133765510e+01  3.9233559497975e+01
  1.7634938814934e+04  ms.21r6.b1         3 -2.1808002889746e-05  3.2056359534206e+01  1.7596639717095e+02  4.0840484163981e+01  3.9349757645865e+01
  1.7688390299031e+04  ms.22r6.b1         3  1.2356863940586e-05  1.7475538940304e+02  3.2527980505119e+01  4.0958587999908e+01  3.9483547833508e+01
  1.7741841783127e+04  ms.23r6.b1         3 -2.1808002889746e-05  3.1843245716135e+01  1.7548821494076e+02  4.1094834872210e+01  3.9600366741747e+01
  1.7795293267224e+04  ms.24r6.b1         3  1.2356863940586e-05  1.7537144144944e+02  3.2722551809072e+01  4.1213168970573e+01  3.9733869206594e+01
  1.7848744751320e+04  ms.25r6.b1         3 -2.1808002889746e-05  3.2049466453964e+01  1.7596443807175e+02  4.1348506455681e+01  3.9850067856368e+01
  1.7902196235417e+04  ms.26r6.b1         3  1.2356863940586e-05  1.7469427832892e+02  3.2527850128900e+01  4.1466651512935e+01  3.9983859389956e+01
  1.7955647719513e+04  ms.27r6.b1         3 -2.1808002889746e-05  3.1850670023370e+01  1.7549017180302e+02  4.1602909081215e+01  4.0100677785425e+01
  1.8009099203610e+04  ms.28r6.b1         3  1.2356863940586e-05  1.7543081913093e+02  3.2722682953479e+01  4.1721201359604e+01  4.0234178907704e+01
  1.8062550687706e+04  ms.29r6.b1         3 -2.1808002889746e-05  3.2041532908077e+01  1.7596248031358e+02  4.1856530600226e+01  4.0350378064490e+01
  1.8169453655899e+04  ms.31r6.b1         3 -2.1808002889746e-05  3.1859089606091e+01  1.7549213341622e+02  4.2110981285489e+01  4.0600988837730e+01
  1.8222905139996e+04  ms.32r6.b1         3  1.2356863940586e-05  1.7548628121645e+02  3.2722813960234e+01  4.2229231125693e+01  4.0734488615439e+01
  1.8276356624093e+04  ms.33r6.b1         3 -2.1808002889746e-05  3.2032647961461e+01  1.7596051580564e+02  4.2364556852725e+01  4.0850688282306e+01
  1.8383259592286e+04  ms.33l7.b1         3 -2.1808002889746e-05  3.1868418353725e+01  1.7549409963040e+02  4.2619051239742e+01  4.1101299873396e+01
  1.8490162560479e+04  ms.31l7.b1         3 -2.1808002889746e-05  3.2022898678548e+01  1.7595854839055e+02  4.2872585444868e+01  4.1350998497272e+01
  1.8543614044575e+04  ms.30l7.b1         3  1.2356863940586e-05  1.7453495222071e+02  3.2527459474196e+01  4.2990857754834e+01  4.1484794073962e+01
  1.8597065528672e+04  ms.29l7.b1         3 -2.1808002889746e-05  3.1878560768940e+01  1.7549607077207e+02  4.3127118730852e+01  4.1601610918522e+01
  1.8703968496865e+04  ms.27l7.b1         3 -2.1808002889746e-05  3.2012387204031e+01  1.7595657553181e+02  4.3380616582476e+01  4.1851308720126e+01
  1.8757419980961e+04  ms.26l7.b1         3  1.2356863940586e-05  1.7449164854332e+02  3.2527334888649e+01  4.3498931052516e+01  4.1985105634030e+01
  1.8810871465058e+04  ms.25l7.b1         3 -2.1808002889746e-05  3.1889418109365e+01  1.7549804158475e+02  4.3635183555486e+01  4.2101921947384e+01
  1.8864322949154e+04  ms.24l7.b1         3  1.2356863940586e-05  1.7562375666309e+02  3.2723194929294e+01  4.3753306701124e+01  4.2235417712467e+01
  1.8917774433251e+04  ms.23l7.b1         3 -2.1808002889746e-05  3.2001214546324e+01  1.7595460383615e+02  4.3888650438229e+01  4.2351618943310e+01
  1.8971225917347e+04  ms.22l7.b1         3  1.2356863940586e-05  1.7445403566423e+02  3.2527207903832e+01  4.4007006227695e+01  4.2485417200477e+01
  1.9024677401444e+04  ms.21l7.b1         3 -2.1808002889746e-05  3.1900873015660e+01  1.7550001873434e+02  4.4143245565967e+01  4.2602232985337e+01
  1.9078128885540e+04  ms.20l7.b1         3  1.2356863940586e-05  1.7565837969601e+02  3.2723320376516e+01  4.4261328124840e+01  4.2735727413192e+01
  1.9131580369637e+04  ms.19l7.b1         3 -2.1808002889746e-05  3.1989504956352e+01  1.7595262309336e+02  4.4396687171185e+01  4.2851929172845e+01
  1.9185031853733e+04  ms.18l7.b1         3  1.2356863940586e-05  1.7442248846531e+02  3.2527086196288e+01  4.4515082996372e+01  4.2985728763414e+01
  1.9238483337830e+04  ms.17l7.b1         3 -2.1808002889746e-05  3.1912812740684e+01  1.7550199758308e+02  4.4651304607377e+01  4.3102544007456e+01
  1.9291934821926e+04  ms.16l7.b1         3  1.2356863940586e-05  1.7568676598118e+02  3.2723441976206e+01  4.4769348092966e+01  4.3236037107697e+01
  1.9345386306023e+04  ms.15l7.b1         3 -2.1808002889746e-05  3.1977367077399e+01  1.7595064456730e+02  4.4904726901480e+01  4.3352239403626e+01
  1.9398837790119e+04  ms.14l7.b1         3  1.2356863940586e-05  1.7439733845809e+02  3.2526962318714e+01  4.5023161088429e+01  4.3486040332486e+01
  1.9452289274216e+04  ms.13l7.b1         3 -2.1808002889746e-05  3.1869872171314e+01  1.7579782119288e+02  4.5159378841902e+01  4.3602852008604e+01
  1.9505740758313e+04  ms.12l7.b1         3  1.2356863940586e-05  1.7388793531609e+02  3.4074884014535e+01  4.5277998199026e+01  4.3732996569637e+01
  1.9560463242409e+04  ms.11l7.b1         3 -2.1808002889746e-05  3.0972631310450e+01  1.7153275063931e+02  4.5428584713153e+01  4.3846453925064e+01
  2.0433287557590e+04  ms.11r7.b1         3  1.2356863940586e-05  1.7484458441075e+02  3.3963299371902e+01  4.7325902445979e+01  4.5315446044134e+01
  2.0486743041687e+04  ms.12r7.b1         3 -2.1808002889746e-05  3.0794118909529e+01  1.7656985511625e+02  4.7465103869398e+01  4.5428922433177e+01
  2.0540194525783e+04  ms.13r7.b1         3  1.2356863940586e-05  1.7443624150824e+02  3.2543282699406e+01  4.7586214604278e+01  4.5562496857436e+01
  2.0593646009880e+04  ms.14r7.b1         3 -2.1808002889746e-05  3.2019228432298e+01  1.7601455023379e+02  4.7722124426682e+01  4.5679067397178e+01
  2.0647097493977e+04  ms.15r7.b1         3  1.2356863940586e-05  1.7564318923372e+02  3.2707061410444e+01  4.7839943602569e+01  4.5812346870055e+01
  2.0700548978073e+04  ms.16r7.b1         3 -2.1808002889746e-05  3.1871949077009e+01  1.7543815755940e+02  4.7975645059284e+01  4.5928792987613e+01
  2.0754000462170e+04  ms.17r7.b1         3  1.2356863940586e-05  1.7447062838819e+02  3.2543526227785e+01  4.8094290682200e+01  4.6062808270476e+01
  2.0807451946266e+04  ms.18r7.b1         3 -2.1808002889746e-05  3.2029263065182e+01  1.7601640060436e+02  4.8230153908591e+01  4.6179377522370e+01
  2.0860903430363e+04  ms.19r7.b1         3  1.2356863940586e-05  1.7560580321996e+02  3.2706818129824e+01  4.8347965780432e+01  4.6312656723702e+01
  2.0914354914459e+04  ms.20r7.b1         3 -2.1808002889746e-05  3.1862320135810e+01  1.7543630595117e+02  4.8483714154650e+01  4.6429104126886e+01
  2.0967806398556e+04  ms.21r7.b1         3  1.2356863940586e-05  1.7451091329620e+02  3.2543773063123e+01  4.8602365014823e+01  4.6563119674454e+01
  2.1021257882652e+04  ms.22r7.b1         3 -2.1808002889746e-05  3.2038467121796e+01  1.7601824796590e+02  4.8738180967105e+01  4.6679687632476e+01
  2.1074709366749e+04  ms.23r7.b1         3  1.2356863940586e-05  1.7556271993792e+02  3.2706569654302e+01  4.8855989789287e+01  4.6812966577857e+01
  2.1128160850845e+04  ms.24r7.b1         3 -2.1808002889746e-05  3.1853562919670e+01  1.7543446434825e+02  4.8991785584979e+01  4.6929415273951e+01
  2.1181612334942e+04  ms.25r7.b1         3  1.2356863940586e-05  1.7455668956180e+02  3.2544019276708e+01  4.9110437371292e+01  4.7063431082881e+01
  2.1235063819038e+04  ms.26r7.b1         3 -2.1808002889746e-05  3.2046749758854e+01  1.7602008919755e+02  4.9246205843388e+01  4.7179997750933e+01
  2.1288515303135e+04  ms.27r7.b1         3  1.2356863940586e-05  1.7551436999754e+02  3.2706323986373e+01  4.9364015897702e+01  4.7313276435831e+01
  2.1341966787231e+04  ms.28r7.b1         3 -2.1808002889746e-05  3.1845777888623e+01  1.7543262171320e+02  4.9499859108149e+01  4.7429726419178e+01
  2.1448869755424e+04  ms.30r7.b1         3 -2.1808002889746e-05  3.2054021778208e+01  1.7602192869773e+02  4.9754228763041e+01  4.7680307854490e+01
  2.1502321239521e+04  ms.31r7.b1         3  1.2356863940586e-05  1.7546125775771e+02  3.2706072949792e+01  4.9872044324923e+01  4.7813586294330e+01
  2.1555772723617e+04  ms.32r7.b1         3 -2.1808002889746e-05  3.1839034597984e+01  1.7543078817806e+02  5.0007934481853e+01  4.7930037572963e+01
  2.1662675691810e+04  ms.34l8.b1         3 -2.1808002889746e-05  3.2060215355252e+01  1.7602376001773e+02  5.0262250001817e+01  4.8180617966460e+01
  2.1769578660003e+04  ms.32l8.b1         3 -2.1808002889746e-05  3.1833408466074e+01  1.7542895726519e+02  5.0516011421810e+01  4.8430348723675e+01
  2.1823030144100e+04  ms.31l8.b1         3  1.2356863940586e-05  1.7472201761018e+02  3.2544768636547e+01  5.0634640159617e+01  4.8564365278377e+01
  2.1876481628197e+04  ms.30l8.b1         3 -2.1808002889746e-05  3.2065262132754e+01  1.7602558805126e+02  5.0770269830158e+01  4.8680928063224e+01
  2.1983384596390e+04  ms.28l8.b1         3 -2.1808002889746e-05  3.1828954512008e+01  1.7542713143967e+02  5.1024089639110e+01  4.8930659885691e+01
  2.2036836080486e+04  ms.27l8.b1         3  1.2356863940586e-05  1.7478458451138e+02  3.2545020205082e+01  5.1142702359043e+01  4.9064676679128e+01
  2.2090287564583e+04  ms.26l8.b1         3 -2.1808002889746e-05  3.2069110832631e+01  1.7602741267778e+02  5.1278288545696e+01  4.9181238169116e+01
  2.2143739048679e+04  ms.25l8.b1         3  1.2356863940586e-05  1.7527894307363e+02  3.2705320871375e+01  5.1396145482028e+01  4.9314515888321e+01
  2.2197190532776e+04  ms.24l8.b1         3 -2.1808002889746e-05  3.1825721830514e+01  1.7542530716882e+02  5.1532168831107e+01  4.9430971042819e+01
  2.2250642016872e+04  ms.23l8.b1         3  1.2356863940586e-05  1.7484984145777e+02  3.2545273798100e+01  5.1650761600402e+01  4.9564988068660e+01
  2.2304093500969e+04  ms.22l8.b1         3 -2.1808002889746e-05  3.2071722023565e+01  1.7602923378549e+02  5.1786306448674e+01  4.9681548260785e+01
  2.2357544985065e+04  ms.21l8.b1         3  1.2356863940586e-05  1.7521259107843e+02  3.2705064826775e+01  5.1904185005466e+01  4.9814825757748e+01
  2.2410996469162e+04  ms.20l8.b1         3 -2.1808002889746e-05  3.1823735687580e+01  1.7542349231484e+02  5.2040248693460e+01  4.9931282210999e+01
  2.2464447953258e+04  ms.19l8.b1         3  1.2356863940586e-05  1.7491712405360e+02  3.2545528021952e+01  5.2158817803206e+01  5.0065299462755e+01
  2.2517899437355e+04  ms.18l8.b1         3 -2.1808002889746e-05  3.2073073451581e+01  1.7603104699625e+02  5.2294323863988e+01  5.0181858358890e+01
  2.2571350921451e+04  ms.17l8.b1         3  1.2356863940586e-05  1.7514455072644e+02  3.2704811959734e+01  5.2412227618176e+01  5.0315135628960e+01
  2.2624802405548e+04  ms.16l8.b1         3 -2.1808002889746e-05  3.1823025781820e+01  1.7542167743122e+02  5.2548328890598e+01  5.0431593374084e+01
  2.2678253889644e+04  ms.15l8.b1         3  1.2356863940586e-05  1.7498574295704e+02  3.2545783826739e+01  5.2666870856207e+01  5.0565610847449e+01
  2.2731705373741e+04  ms.14l8.b1         3 -2.1808002889746e-05  3.2073144438993e+01  1.7603285910129e+02  5.2802341093681e+01  5.0682168444584e+01
  2.2785156857837e+04  ms.13l8.b1         3  1.2356863940586e-05  1.7581639101563e+02  3.2561527698992e+01  5.2920265719857e+01  5.0815490565044e+01
  2.2838608341934e+04  ms.12l8.b1         3 -2.1808002889746e-05  3.4854931099485e+01  1.7260497817029e+02  5.3048065929397e+01  5.0933493591808e+01
  2.2893330826030e+04  ms.11l8.b1         3  1.2356863940586e-05  1.6599046211308e+02  3.5128928116711e+01  5.3161713823483e+01  5.1072655060295e+01
  2.3765285226030e+04  ms.11r8.b1         3 -1.8265500000000e-05  6.1163367335410e+01  6.7079172294062e+01  5.5616621407872e+01  5.3384760753585e+01
  2.3818737741934e+04  ms.12r8.b1         3  1.1070000000000e-05  6.3009406388372e+01  7.2456101266272e+01  5.5769332147793e+01  5.3533612207660e+01
  2.3872186257837e+04  ms.13r8.b1         3 -7.7270737489879e-05  5.0680866117370e+01  5.0596540202008e+02  5.6004834046107e+01  5.3576234666762e+01
  2.3925634773741e+04  ms.14r8.b1         3  4.8310986962606e-05  5.0768008909557e+02  3.9573426523259e+01  5.6055922576277e+01  5.3641402202258e+01
  2.3979083289644e+04  ms.15r8.b1         3 -1.8265500000000e-05  5.6360488997468e+01  6.5720820139941e+01  5.6109956025179e+01  5.3871814368094e+01
  2.4032531805548e+04  ms.16r8.b1         3  1.1070000000000e-05  6.3279042245743e+01  6.7581858662875e+01  5.6270890533293e+01  5.4032098892752e+01
  2.4085980321451e+04  ms.17r8.b1         3 -7.7270737489879e-05  5.0660994070579e+01  5.0598104470441e+02  5.6504810755571e+01  5.4076222193578e+01
  2.4139428837355e+04  ms.18r8.b1         3  4.8310986962606e-05  5.0762479554248e+02  3.9585274178056e+01  5.6555910736433e+01  5.4141375906349e+01
  2.4192877353258e+04  ms.19r8.b1         3 -1.8265500000000e-05  5.6408823594731e+01  6.5702613507114e+01  5.6609923170770e+01  5.4371774256875e+01
  2.4246325869162e+04  ms.20r8.b1         3  1.1070000000000e-05  6.3325020255785e+01  6.7585174732265e+01  5.6770658296202e+01  5.4532088901791e+01
  2.4299774385065e+04  ms.21r8.b1         3 -7.7270737489879e-05  5.0616418022505e+01  5.0609868159247e+02  5.7004766966700e+01  5.4576207779634e+01
  2.4353222900968e+04  ms.22r8.b1         3  4.8310986962606e-05  5.0756451310593e+02  3.9593907516697e+01  5.7055895219105e+01  5.4641348372314e+01
  2.4406671416872e+04  ms.23r8.b1         3 -1.8265500000000e-05  5.6414978889099e+01  6.5689790457985e+01  5.7109907912357e+01  5.4871731512846e+01
  2.4460119932775e+04  ms.24r8.b1         3  1.1070000000000e-05  6.3341380430322e+01  6.7580691360775e+01  5.7270594999314e+01  5.5032077689467e+01
  2.4513568448679e+04  ms.25r8.b1         3 -7.7270737489879e-05  5.0596512170506e+01  5.0611509136330e+02  5.7504743643257e+01  5.5076195382110e+01
  2.4567016964582e+04  ms.26r8.b1         3  4.8310986962606e-05  5.0750901917158e+02  3.9605720167413e+01  5.7555883385400e+01  5.5141322126815e+01
  2.4620465480486e+04  ms.27r8.b1         3 -1.8265500000000e-05  5.6463300040344e+01  6.5671654034590e+01  5.7609875116232e+01  5.5371691576523e+01
  2.4673913996389e+04  ms.28r8.b1         3  1.1070000000000e-05  6.3387686271586e+01  6.7584046232086e+01  5.7770363080956e+01  5.5532067711159e+01
  2.4727362512293e+04  ms.29r8.b1         3 -7.7270737489879e-05  5.0551968533335e+01  5.0623270123934e+02  5.8004699804602e+01  5.5576180972905e+01
  2.4834259544100e+04  ms.31r8.b1         3 -1.8265500000000e-05  5.6469400636744e+01  6.5658864992374e+01  5.8109859898596e+01  5.5871648373298e+01
  2.4887708060003e+04  ms.32r8.b1         3  1.1070000000000e-05  6.3404421038252e+01  6.7580059049543e+01  5.8270300285746e+01  5.6032055943836e+01
  2.4941156575907e+04  ms.33r8.b1         3 -7.7270737489879e-05  5.0528196941199e+01  5.0620985783279e+02  5.8504675324277e+01  5.6076167902925e+01
  2.5048053607713e+04  ms.33l1.b1         3 -1.8265500000000e-05  5.6499132084451e+01  6.5635394553806e+01  5.8609831989169e+01  5.6371525851133e+01
  2.5154950639520e+04  ms.31l1.b1         3 -7.7270737489879e-05  5.0514904147092e+01  5.0628723147650e+02  5.9004653551857e+01  5.6576150614390e+01
  2.5208399155424e+04  ms.30l1.b1         3  4.8310986962606e-05  5.0741400734595e+02  3.9649496985464e+01  5.9055842675939e+01  5.6641229709069e+01
  2.5261847671327e+04  ms.29l1.b1         3 -1.8265500000000e-05  5.6509088061583e+01  6.5613306248729e+01  5.9109816891090e+01  5.6871460580479e+01
  2.5368744703134e+04  ms.27l1.b1         3 -7.7270737489879e-05  5.0492901302188e+01  5.0630597897937e+02  5.9504628896339e+01  5.7076138031682e+01
  2.5422193219038e+04  ms.26l1.b1         3  4.8310986962606e-05  5.0735836284224e+02  3.9661231042545e+01  5.9555830840912e+01  5.7141203458676e+01
  2.5475641734941e+04  ms.25l1.b1         3 -1.8265500000000e-05  5.6557375552829e+01  6.5595335861885e+01  5.9609784179230e+01  5.7371420942053e+01
  2.5529090250845e+04  ms.24l1.b1         3  1.1070000000000e-05  6.3487890253186e+01  6.7549993114611e+01  5.9769863720975e+01  5.7532007487000e+01
  2.5582538766748e+04  ms.23l1.b1         3 -7.7270737489879e-05  5.0448406440470e+01  5.0642346326394e+02  6.0004584978311e+01  5.7576123630306e+01
  2.5635987282652e+04  ms.22l1.b1         3  4.8310986962606e-05  5.0729783344083e+02  3.9669950319371e+01  6.0055815299916e+01  5.7641175906292e+01
  2.5689435798555e+04  ms.21l1.b1         3 -1.8265500000000e-05  5.6563578869105e+01  6.5582469319915e+01  6.0109768890745e+01  5.7871377701206e+01
  2.5742884314458e+04  ms.20l1.b1         3  1.1070000000000e-05  6.3504522010149e+01  6.7545392122872e+01  6.0269800298637e+01  5.8031996238807e+01
  2.5796332830362e+04  ms.19l1.b1         3 -7.7270737489879e-05  5.0428468149100e+01  5.0643968685060e+02  6.0504561561642e+01  5.8076111240445e+01
  2.5849781346265e+04  ms.18l1.b1         3  4.8310986962606e-05  5.0724173296925e+02  3.9681668075616e+01  6.0555803487396e+01  5.8141149811090e+01
  2.5903229862169e+04  ms.17l1.b1         3 -1.8265500000000e-05  5.6611858731957e+01  6.5564551836169e+01  6.0609736264992e+01  5.8371338221017e+01
  2.5956678378072e+04  ms.16l1.b1         3  1.1070000000000e-05  6.3551705983679e+01  6.7548842936878e+01  6.0769569242278e+01  5.8531986289761e+01
  2.6010126893976e+04  ms.15l1.b1         3 -7.7270737489879e-05  5.0384005760784e+01  5.0655714352909e+02  6.1004517593545e+01  5.8576096843788e+01
  2.6063575409879e+04  ms.14l1.b1         3  4.8310986962606e-05  5.0718109014998e+02  3.9690421958189e+01  6.1055787937789e+01  5.8641122245026e+01
  2.6117023925783e+04  ms.13l1.b1         3 -1.8265500000000e-05  5.5882277793774e+01  6.6293884798306e+01  6.1109792010271e+01  5.8871239343282e+01
  2.6170472441686e+04  ms.12l1.b1         3  1.1070000000000e-05  5.9046414295412e+01  7.2967685597277e+01  6.1281784713029e+01  5.9021212339285e+01
  2.6225191957590e+04  ms.11l1.b1         3 -7.7270737489879e-05  6.1375325012896e+01  5.0028379892400e+02  6.1509077875442e+01  5.9063305353210e+01
  2.6277934668192e+04  ms.10l1.b1         3  4.8310986962606e-05  4.7323030845559e+02  6.0290851798190e+01  6.1554449933518e+01  5.9117214383490e+01
  2.6658883199999e+04  end_marker       100  0.0000000000000e+00  1.5065407902661e-01  1.5020796525335e-01  6.2310134235800e+01  6.0320008986666e+01
