 # ID name  angle[rad]  betax[m]  betay[m] halfgap[m]  Material  Length[m]  sigx[m]  sigy[m] tilt1[rad] tilt2[rad] nsig
        64 TCL.5R1.B1     0.00000E+00   0.73525E+02   0.36065E+03   0.23639E+00 CU   0.10000E+01   0.26265E-03   0.58171E-03   0.00000E+00   0.00000E+00   0.90000E+03
        57 TCTH.4L2.B1    0.00000E+00   0.46989E+02   0.48352E+02   0.54593E-02 W    0.10000E+01   0.20997E-03   0.21300E-03   0.00000E+00   0.00000E+00   0.26000E+02
        72 TDI.4L2.B1     0.15710E+01   0.10901E+03   0.44585E+02   0.20433E+00 CU   0.40000E+01   0.31981E-03   0.20453E-03   0.00000E+00   0.00000E+00   0.99900E+03
        61 TCTVB.4L2      0.15710E+01   0.12841E+03   0.52413E+02   0.57658E-02 W    0.10000E+01   0.34711E-03   0.22176E-03   0.00000E+00   0.00000E+00   0.26000E+02
        67 TCLIA.4R2      0.15710E+01   0.49620E+02   0.12196E+03   0.33794E+00 C    0.10000E+01   0.21577E-03   0.33827E-03   0.00000E+00   0.00000E+00   0.99900E+03
        68 TCLIB.6R2.B1   0.15710E+01   0.25790E+03   0.38390E+02   0.18960E+00 C    0.10000E+01   0.49192E-03   0.18979E-03   0.00000E+00   0.00000E+00   0.99900E+03
         1 TCP.6L3.B1     0.00000E+00   0.13152E+03   0.14470E+03   0.42155E-02 C    0.60000E+00   0.35129E-03   0.36846E-03   0.00000E+00   0.00000E+00   0.12000E+02
         2 TCSG.5L3.B1    0.00000E+00   0.54608E+02   0.29863E+03   0.35312E-02 C    0.10000E+01   0.22636E-03   0.52934E-03   0.00000E+00   0.00000E+00   0.15600E+02
         4 TCSG.4R3.B1    0.00000E+00   0.26211E+02   0.39517E+03   0.24464E-02 C    0.10000E+01   0.15682E-03   0.60892E-03   0.00000E+00   0.00000E+00   0.15600E+02
         6 TCSG.A5R3.B1   0.29810E+01   0.35868E+02   0.34408E+03   0.31606E-02 C    0.10000E+01   0.18345E-03   0.56820E-03   0.00000E+00   0.00000E+00   0.15600E+02
         8 TCSG.B5R3.B1   0.19897E+00   0.45538E+02   0.31265E+03   0.35750E-02 C    0.10000E+01   0.20671E-03   0.54162E-03   0.00000E+00   0.00000E+00   0.15600E+02
        46 TCLA.A5R3.B1   0.15710E+01   0.14252E+03   0.17600E+03   0.71521E-02 W    0.10000E+01   0.36569E-03   0.40637E-03   0.00000E+00   0.00000E+00   0.17600E+02
        47 TCLA.B5R3.B1   0.00000E+00   0.15161E+03   0.16867E+03   0.66381E-02 W    0.10000E+01   0.37716E-03   0.39782E-03   0.00000E+00   0.00000E+00   0.17600E+02
        48 TCLA.6R3.B1    0.00000E+00   0.12942E+03   0.16870E+03   0.61332E-02 W    0.10000E+01   0.34848E-03   0.39786E-03   0.00000E+00   0.00000E+00   0.17600E+02
        49 TCLA.7R3.B1    0.00000E+00   0.66234E+02   0.96901E+02   0.43875E-02 W    0.10000E+01   0.24929E-03   0.30153E-03   0.00000E+00   0.00000E+00   0.17600E+02
        58 TCTH.4L5.B1    0.00000E+00   0.58421E+03   0.22566E+03   0.87364E-02 W    0.10000E+01   0.74038E-03   0.46015E-03   0.00000E+00   0.00000E+00   0.11800E+02
        59 TCTVA.4L5.B1   0.15710E+01   0.58615E+03   0.23779E+03   0.55737E-02 W    0.10000E+01   0.74160E-03   0.47235E-03   0.00000E+00   0.00000E+00   0.11800E+02
        66 TCL.5R5.B1     0.00000E+00   0.73654E+02   0.36176E+03   0.23660E+00 CU   0.10000E+01   0.26288E-03   0.58261E-03   0.00000E+00   0.00000E+00   0.90000E+03
        69 TCDQA.A4R6.B   0.00000E+00   0.49370E+03   0.16794E+03   0.66700E-02 C    0.30000E+01   0.68061E-03   0.39696E-03   0.00000E+00   0.00000E+00   0.98000E+01
        70 TCDQA.B4R6.B   0.00000E+00   0.50479E+03   0.17221E+03   0.67445E-02 C    0.30000E+01   0.68821E-03   0.40197E-03   0.00000E+00   0.00000E+00   0.98000E+01
        71 TCSG.4R6.B1    0.00000E+00   0.51720E+03   0.17714E+03   0.64786E-02 C    0.10000E+01   0.69662E-03   0.40769E-03   0.00000E+00   0.00000E+00   0.93000E+01
        10 TCP.D6L7.B1    0.15710E+01   0.15887E+03   0.78263E+02   0.15446E-02 C    0.60000E+00   0.38609E-03   0.27099E-03   0.00000E+00   0.00000E+00   0.57000E+01
        11 TCP.C6L7.B1    0.00000E+00   0.15053E+03   0.82763E+02   0.21422E-02 C    0.60000E+00   0.37582E-03   0.27867E-03   0.00000E+00   0.00000E+00   0.57000E+01
        12 TCP.B6L7.B1    0.22150E+01   0.14246E+03   0.87488E+02   0.18087E-02 C    0.60000E+00   0.36561E-03   0.28651E-03   0.00000E+00   0.00000E+00   0.57000E+01
        16 TCSG.A6L7.B1   0.24627E+01   0.39872E+02   0.22693E+03   0.27755E-02 C    0.10000E+01   0.19342E-03   0.46143E-03   0.00000E+00   0.00000E+00   0.85000E+01
        18 TCSG.B5L7.B1   0.25046E+01   0.15998E+03   0.16651E+03   0.33169E-02 C    0.10000E+01   0.38744E-03   0.39527E-03   0.00000E+00   0.00000E+00   0.85000E+01
        20 TCSG.A5L7.B1   0.71035E+00   0.18596E+03   0.14593E+03   0.33841E-02 C    0.10000E+01   0.41771E-03   0.37003E-03   0.00000E+00   0.00000E+00   0.85000E+01
        22 TCSG.D4L7.B1   0.15708E+01   0.33292E+03   0.68864E+02   0.21606E-02 C    0.10000E+01   0.55890E-03   0.25419E-03   0.00000E+00   0.00000E+00   0.85000E+01
        26 TCSG.B4L7.B1   0.00000E+00   0.13975E+03   0.13098E+03   0.30779E-02 C    0.10000E+01   0.36211E-03   0.35057E-03   0.00000E+00   0.00000E+00   0.85000E+01
        28 TCSG.A4L7.B1   0.23492E+01   0.12866E+03   0.14128E+03   0.30259E-02 C    0.10000E+01   0.34745E-03   0.36409E-03   0.00000E+00   0.00000E+00   0.85000E+01
        30 TCSG.A4R7.B1   0.80809E+00   0.11828E+03   0.15221E+03   0.30365E-02 C    0.10000E+01   0.33313E-03   0.37791E-03   0.00000E+00   0.00000E+00   0.85000E+01
        36 TCSG.B5R7.B1   0.24696E+01   0.12185E+03   0.26755E+03   0.34767E-02 C    0.10000E+01   0.33813E-03   0.50103E-03   0.00000E+00   0.00000E+00   0.85000E+01
        40 TCSG.D5R7.B1   0.89710E+00   0.21387E+03   0.15853E+03   0.34939E-02 C    0.10000E+01   0.44797E-03   0.38568E-03   0.00000E+00   0.00000E+00   0.85000E+01
        42 TCSG.E5R7.B1   0.22776E+01   0.24140E+03   0.13610E+03   0.34981E-02 C    0.10000E+01   0.47592E-03   0.35735E-03   0.00000E+00   0.00000E+00   0.85000E+01
        44 TCSG.6R7.B1    0.87300E-02   0.33575E+03   0.47359E+02   0.47707E-02 C    0.10000E+01   0.56127E-03   0.21080E-03   0.00000E+00   0.00000E+00   0.85000E+01
        50 TCLA.A6R7.B1   0.15710E+01   0.29706E+03   0.48158E+02   0.37625E-02 W    0.10000E+01   0.52794E-03   0.21257E-03   0.00000E+00   0.00000E+00   0.17700E+02
        51 TCLA.B6R7.B1   0.00000E+00   0.15949E+03   0.76391E+02   0.68471E-02 W    0.10000E+01   0.38684E-03   0.26772E-03   0.00000E+00   0.00000E+00   0.17700E+02
        52 TCLA.C6R7.B1   0.15710E+01   0.68608E+02   0.15189E+03   0.66819E-02 W    0.10000E+01   0.25372E-03   0.37751E-03   0.00000E+00   0.00000E+00   0.17700E+02
        53 TCLA.D6R7.B1   0.00000E+00   0.65041E+02   0.15792E+03   0.43725E-02 W    0.10000E+01   0.24704E-03   0.38493E-03   0.00000E+00   0.00000E+00   0.17700E+02
        54 TCLA.A7R7.B1   0.00000E+00   0.64255E+02   0.14741E+03   0.43460E-02 W    0.10000E+01   0.24554E-03   0.37190E-03   0.00000E+00   0.00000E+00   0.17700E+02
        60 TCTH.4L8.B1    0.00000E+00   0.24135E+03   0.30267E+03   0.56153E-02 W    0.10000E+01   0.47587E-03   0.53291E-03   0.00000E+00   0.00000E+00   0.11800E+02
        62 TCTVB.4L8      0.15710E+01   0.53673E+03   0.33557E+03   0.66212E-02 W    0.10000E+01   0.70965E-03   0.56112E-03   0.00000E+00   0.00000E+00   0.11800E+02
        55 TCTH.4L1.B1    0.00000E+00   0.58421E+03   0.22566E+03   0.87364E-02 W    0.10000E+01   0.74038E-03   0.46015E-03   0.00000E+00   0.00000E+00   0.11800E+02
        56 TCTVA.4L1.B1   0.15710E+01   0.58615E+03   0.23779E+03   0.55737E-02 W    0.10000E+01   0.74160E-03   0.47235E-03   0.00000E+00   0.00000E+00   0.11800E+02
