 # ID name  angle[rad]  betax[m]  betay[m] halfgap[m]  Material  Length[m]  sigx[m]  sigy[m] tilt1[rad] tilt2[rad] nsig
        64 TCL.5R1.B1     0.00000E+00   0.15773E+03   0.83572E+03   0.35986E-02 CU   0.10000E+01   0.35986E-03   0.82833E-03   0.00000E+00   0.00000E+00   0.10000E+02
        57 TCTH.4L2.B1    0.00000E+00   0.20965E+03   0.23368E+03   0.49785E-02 W    0.10000E+01   0.41488E-03   0.43801E-03   0.00000E+00   0.00000E+00   0.12000E+02
        72 TDI.4L2.B1     0.15710E+01   0.45686E+03   0.29065E+03   0.48800E+00 CU   0.40000E+01   0.61244E-03   0.48849E-03   0.00000E+00   0.00000E+00   0.99900E+03
        61 TCTVB.4L2      0.15710E+01   0.51542E+03   0.30336E+03   0.59887E-02 W    0.10000E+01   0.65051E-03   0.49906E-03   0.00000E+00   0.00000E+00   0.12000E+02
        67 TCLIA.4R2      0.15710E+01   0.29924E+03   0.49634E+03   0.63771E+00 C    0.10000E+01   0.49565E-03   0.63835E-03   0.00000E+00   0.00000E+00   0.99900E+03
        68 TCLIB.6R2.B1   0.15710E+01   0.34044E+03   0.16754E+02   0.11716E+00 C    0.10000E+01   0.52868E-03   0.11728E-03   0.00000E+00   0.00000E+00   0.99900E+03
         1 TCP.6L3.B1     0.00000E+00   0.13152E+03   0.14470E+03   0.39432E-02 C    0.60000E+00   0.32860E-03   0.34467E-03   0.00000E+00   0.00000E+00   0.12000E+02
         2 TCSG.5L3.B1    0.00000E+00   0.54608E+02   0.29863E+03   0.33031E-02 C    0.10000E+01   0.21174E-03   0.49515E-03   0.00000E+00   0.00000E+00   0.15600E+02
         4 TCSG.4R3.B1    0.00000E+00   0.26211E+02   0.39517E+03   0.22884E-02 C    0.10000E+01   0.14669E-03   0.56959E-03   0.00000E+00   0.00000E+00   0.15600E+02
         6 TCSG.A5R3.B1   0.29810E+01   0.35868E+02   0.34408E+03   0.29564E-02 C    0.10000E+01   0.17160E-03   0.53150E-03   0.00000E+00   0.00000E+00   0.15600E+02
         8 TCSG.B5R3.B1   0.19897E+00   0.45538E+02   0.31265E+03   0.33441E-02 C    0.10000E+01   0.19335E-03   0.50664E-03   0.00000E+00   0.00000E+00   0.15600E+02
        46 TCLA.A5R3.B1   0.15710E+01   0.14252E+03   0.17600E+03   0.66902E-02 W    0.10000E+01   0.34207E-03   0.38012E-03   0.00000E+00   0.00000E+00   0.17600E+02
        47 TCLA.B5R3.B1   0.00000E+00   0.15161E+03   0.16867E+03   0.62093E-02 W    0.10000E+01   0.35280E-03   0.37213E-03   0.00000E+00   0.00000E+00   0.17600E+02
        48 TCLA.6R3.B1    0.00000E+00   0.12942E+03   0.16870E+03   0.57371E-02 W    0.10000E+01   0.32597E-03   0.37216E-03   0.00000E+00   0.00000E+00   0.17600E+02
        49 TCLA.7R3.B1    0.00000E+00   0.66234E+02   0.96901E+02   0.41041E-02 W    0.10000E+01   0.23319E-03   0.28206E-03   0.00000E+00   0.00000E+00   0.17600E+02
        58 TCTH.4L5.B1    0.00000E+00   0.14442E+04   0.55241E+03   0.97999E-02 W    0.10000E+01   0.10889E-02   0.67344E-03   0.00000E+00   0.00000E+00   0.90000E+01
        59 TCTVA.4L5.B1   0.15710E+01   0.14497E+04   0.58319E+03   0.62276E-02 W    0.10000E+01   0.10910E-02   0.69195E-03   0.00000E+00   0.00000E+00   0.90000E+01
        66 TCL.5R5.B1     0.00000E+00   0.15812E+03   0.83868E+03   0.36030E-02 CU   0.10000E+01   0.36030E-03   0.82979E-03   0.00000E+00   0.00000E+00   0.10000E+02
        69 TCDQA.A4R6.B   0.00000E+00   0.49370E+03   0.16794E+03   0.48386E-02 C    0.30000E+01   0.63665E-03   0.37132E-03   0.00000E+00   0.00000E+00   0.76000E+01
        70 TCDQA.B4R6.B   0.00000E+00   0.50479E+03   0.17221E+03   0.48926E-02 C    0.30000E+01   0.64376E-03   0.37601E-03   0.00000E+00   0.00000E+00   0.76000E+01
        71 TCSG.4R6.B1    0.00000E+00   0.51720E+03   0.17714E+03   0.46266E-02 C    0.10000E+01   0.65163E-03   0.38136E-03   0.00000E+00   0.00000E+00   0.71000E+01
        10 TCP.D6L7.B1    0.15710E+01   0.15887E+03   0.78263E+02   0.10900E-02 C    0.60000E+00   0.36115E-03   0.25348E-03   0.00000E+00   0.00000E+00   0.43000E+01
        11 TCP.C6L7.B1    0.00000E+00   0.15053E+03   0.82763E+02   0.15116E-02 C    0.60000E+00   0.35154E-03   0.26067E-03   0.00000E+00   0.00000E+00   0.43000E+01
        12 TCP.B6L7.B1    0.22150E+01   0.14246E+03   0.87488E+02   0.12764E-02 C    0.60000E+00   0.34200E-03   0.26801E-03   0.00000E+00   0.00000E+00   0.43000E+01
        16 TCSG.A6L7.B1   0.24627E+01   0.39872E+02   0.22693E+03   0.19243E-02 C    0.10000E+01   0.18093E-03   0.43163E-03   0.00000E+00   0.00000E+00   0.63000E+01
        18 TCSG.B5L7.B1   0.25046E+01   0.15998E+03   0.16651E+03   0.22996E-02 C    0.10000E+01   0.36242E-03   0.36974E-03   0.00000E+00   0.00000E+00   0.63000E+01
        20 TCSG.A5L7.B1   0.71035E+00   0.18596E+03   0.14593E+03   0.23462E-02 C    0.10000E+01   0.39073E-03   0.34613E-03   0.00000E+00   0.00000E+00   0.63000E+01
        22 TCSG.D4L7.B1   0.15708E+01   0.33292E+03   0.68864E+02   0.14980E-02 C    0.10000E+01   0.52280E-03   0.23777E-03   0.00000E+00   0.00000E+00   0.63000E+01
        26 TCSG.B4L7.B1   0.00000E+00   0.13975E+03   0.13098E+03   0.21340E-02 C    0.10000E+01   0.33872E-03   0.32793E-03   0.00000E+00   0.00000E+00   0.63000E+01
        28 TCSG.A4L7.B1   0.23492E+01   0.12866E+03   0.14128E+03   0.20979E-02 C    0.10000E+01   0.32501E-03   0.34058E-03   0.00000E+00   0.00000E+00   0.63000E+01
        30 TCSG.A4R7.B1   0.80809E+00   0.11828E+03   0.15221E+03   0.21052E-02 C    0.10000E+01   0.31162E-03   0.35350E-03   0.00000E+00   0.00000E+00   0.63000E+01
        36 TCSG.B5R7.B1   0.24696E+01   0.12185E+03   0.26755E+03   0.24105E-02 C    0.10000E+01   0.31629E-03   0.46867E-03   0.00000E+00   0.00000E+00   0.63000E+01
        40 TCSG.D5R7.B1   0.89710E+00   0.21387E+03   0.15853E+03   0.24223E-02 C    0.10000E+01   0.41903E-03   0.36077E-03   0.00000E+00   0.00000E+00   0.63000E+01
        42 TCSG.E5R7.B1   0.22776E+01   0.24140E+03   0.13610E+03   0.24253E-02 C    0.10000E+01   0.44518E-03   0.33427E-03   0.00000E+00   0.00000E+00   0.63000E+01
        44 TCSG.6R7.B1    0.87300E-02   0.33575E+03   0.47359E+02   0.33075E-02 C    0.10000E+01   0.52502E-03   0.19718E-03   0.00000E+00   0.00000E+00   0.63000E+01
        50 TCLA.A6R7.B1   0.15710E+01   0.29706E+03   0.48158E+02   0.16504E-02 W    0.10000E+01   0.49385E-03   0.19884E-03   0.00000E+00   0.00000E+00   0.83000E+01
        51 TCLA.B6R7.B1   0.00000E+00   0.15949E+03   0.76391E+02   0.30034E-02 W    0.10000E+01   0.36186E-03   0.25043E-03   0.00000E+00   0.00000E+00   0.83000E+01
        52 TCLA.C6R7.B1   0.15710E+01   0.68608E+02   0.15189E+03   0.29310E-02 W    0.10000E+01   0.23733E-03   0.35313E-03   0.00000E+00   0.00000E+00   0.83000E+01
        53 TCLA.D6R7.B1   0.00000E+00   0.65041E+02   0.15792E+03   0.19180E-02 W    0.10000E+01   0.23108E-03   0.36007E-03   0.00000E+00   0.00000E+00   0.83000E+01
        54 TCLA.A7R7.B1   0.00000E+00   0.64255E+02   0.14741E+03   0.19064E-02 W    0.10000E+01   0.22968E-03   0.34788E-03   0.00000E+00   0.00000E+00   0.83000E+01
        60 TCTH.4L8.B1    0.00000E+00   0.24135E+03   0.30267E+03   0.53416E-02 W    0.10000E+01   0.44514E-03   0.49849E-03   0.00000E+00   0.00000E+00   0.12000E+02
        62 TCTVB.4L8      0.15710E+01   0.53673E+03   0.33557E+03   0.62986E-02 W    0.10000E+01   0.66382E-03   0.52488E-03   0.00000E+00   0.00000E+00   0.12000E+02
        55 TCTH.4L1.B1    0.00000E+00   0.14442E+04   0.55241E+03   0.97999E-02 W    0.10000E+01   0.10889E-02   0.67344E-03   0.00000E+00   0.00000E+00   0.90000E+01
        56 TCTVA.4L1.B1   0.15710E+01   0.14497E+04   0.58319E+03   0.62276E-02 W    0.10000E+01   0.10910E-02   0.69195E-03   0.00000E+00   0.00000E+00   0.90000E+01
